4037 0.004729
6634 0.00447743
2625 0.00404184
15 0.00305366
2398 0.00300254
6946 0.00289917
3089 0.00268374
2328 0.00252276
5412 0.0024713
7632 0.00246009
4191 0.00241843
3352 0.00240965
7553 0.00240803
6832 0.00228986
3456 0.00221823
737 0.00220385
4712 0.00219237
1297 0.00216599
2470 0.00214821
2066 0.00208598
5254 0.00207714
7092 0.00205077
2237 0.00197932
7620 0.00196075
4310 0.00195942
762 0.00195433
4335 0.00186586
4875 0.00182994
1549 0.00178806
4828 0.00178216
6006 0.00175077
2565 0.00174483
2958 0.00171562
3537 0.00167248
3238 0.00166562
4735 0.00165295
1186 0.00164315
6774 0.00163111
993 0.00163044
3084 0.00162934
5123 0.00161098
2657 0.0015766
8042 0.0015736
5484 0.00157253
5404 0.00154859
4256 0.00154707
3498 0.00154619
3897 0.00151645
5079 0.00150533
271 0.00149754
6784 0.00149446
5543 0.00148374
825 0.00148062
3568 0.00147995
6334 0.00147529
2859 0.0014345
2535 0.00143058
3334 0.00141865
3459 0.00141489
7809 0.00140867
2746 0.00140852
5563 0.00140094
2871 0.00139756
5459 0.00137811
4400 0.00137793
2485 0.00137383
3034 0.00135773
2654 0.00135632
5022 0.00135397
665 0.00134547
4261 0.00133934
8163 0.0013166
2576 0.00131592
2516 0.00130322
5226 0.00129915
4666 0.00129608
4536 0.00129488
4099 0.0012874
6299 0.00128418
3562 0.00128086
2651 0.00127373
5605 0.00127312
7961 0.00126092
4531 0.00124053
5800 0.00123471
1754 0.00123293
6330 0.00123074
3962 0.00122762
4981 0.00122392
4600 0.00122332
7214 0.00121523
4040 0.00121445
5524 0.00121012
3321 0.00120441
1633 0.00120102
28 0.00119786
8293 0.00119742
3898 0.00119733
1842 0.00118806
7890 0.0011825
