4037 0.00498923
2625 0.00407055
6634 0.00372609
15 0.00309832
2398 0.00281492
2328 0.00257527
2470 0.00254355
3089 0.00247068
6946 0.00237336
3352 0.00236309
5412 0.00234528
4191 0.00229223
7632 0.00226689
7553 0.00218095
737 0.00214381
1297 0.0021361
3456 0.00211001
2237 0.00210622
5254 0.00207822
6832 0.00207076
2066 0.00199959
4712 0.00190386
762 0.00188151
7092 0.00187802
1186 0.00186471
4310 0.00185782
6774 0.00177667
7620 0.00176358
2958 0.00172979
4335 0.00168441
993 0.00165126
4828 0.00164627
3537 0.00164296
4875 0.00163925
6006 0.00163162
2657 0.00162354
271 0.0016232
665 0.00161306
1549 0.00161068
4735 0.00159143
4256 0.00158574
3238 0.00152041
5484 0.00148527
825 0.00148464
3498 0.00148425
2565 0.00148153
4261 0.00146985
3568 0.00145074
5123 0.00144925
2654 0.00143497
3084 0.00143097
2485 0.00140483
5079 0.00139931
6784 0.00139844
5404 0.00138246
2535 0.00138236
2871 0.00138041
5543 0.00135984
6334 0.00135473
5459 0.00134405
3897 0.00134355
28 0.0013402
8042 0.00131664
4400 0.00130618
1842 0.00129735
2859 0.00129287
6059 0.00128797
3562 0.0012867
4600 0.00128188
2746 0.00127789
3334 0.00127766
2576 0.00127753
3034 0.00127335
5226 0.00126783
7809 0.0012614
2651 0.00124159
5022 0.00123114
3321 0.00119467
1633 0.0011837
5563 0.00118252
4099 0.00117691
1211 0.00117195
1754 0.00116159
3459 0.0011587
8293 0.00115328
4040 0.00115142
4666 0.00114753
1726 0.00114205
4981 0.00114179
7961 0.00114046
4531 0.00113583
2516 0.00113361
6124 0.00113153
6330 0.00112628
5605 0.00112233
3962 0.00111819
3005 0.00110995
7890 0.00110918
86 0.00110298
7214 0.00109946
