6634 0.00872724
6946 0.00587285
2398 0.0040637
3089 0.0038893
4712 0.00382523
4037 0.0032519
2565 0.00323391
4191 0.00313189
7092 0.00302873
8042 0.00302733
4335 0.00289289
3459 0.00286488
3456 0.00283048
15 0.00279964
1549 0.00279157
3084 0.00275187
3352 0.00267267
5563 0.00263725
4536 0.00259995
5800 0.00255976
4828 0.00255105
737 0.00254308
4310 0.00253399
5123 0.0025266
3897 0.0024953
5404 0.00248888
3238 0.00248748
6299 0.00244655
6414 0.0024459
6006 0.00242506
762 0.00236601
6560 0.00235469
1297 0.00233474
2516 0.00226326
2859 0.00223619
2328 0.0022247
3898 0.0022193
3334 0.00221644
5543 0.0021848
4798 0.0021655
6334 0.00215755
2746 0.00214804
4666 0.00213677
5605 0.00212647
7882 0.00211801
5079 0.00210542
5254 0.00207026
5484 0.00206608
7862 0.00206274
5524 0.00205461
5002 0.00205202
5022 0.002049
3873 0.00203827
6784 0.00203777
4983 0.00196219
1982 0.00195657
2940 0.00193636
4099 0.00191258
3498 0.00189634
840 0.00187883
3962 0.001847
4661 0.00184397
6665 0.00184356
3034 0.00183502
4531 0.00183326
4709 0.00183133
6330 0.00182198
6555 0.00181315
5814 0.00180267
4400 0.00178413
6913 0.00171885
3293 0.00171007
2535 0.00170313
4981 0.00168867
4071 0.00166082
6934 0.00165613
3568 0.00164498
1754 0.00163669
2958 0.00163481
3643 0.00162863
5806 0.00162512
6618 0.00161537
5760 0.00157801
4040 0.00157124
5839 0.00156838
5872 0.00156741
5233 0.00155571
3439 0.00153842
7052 0.0015379
2576 0.00153299
6004 0.00153291
6914 0.00152928
2658 0.00152379
7860 0.00151799
3260 0.00151304
993 0.00151238
5020 0.00151014
4795 0.00149652
2871 0.0014944
5321 0.00148769
