4037 0.00472887
6634 0.00447731
15 0.00305357
2398 0.00300245
6946 0.00289909
3089 0.00268366
2328 0.00252269
4191 0.00241836
3352 0.00240958
3456 0.00221816
737 0.00220379
4712 0.00219231
1297 0.00216593
5254 0.00207708
7092 0.00205072
2237 0.00197926
4310 0.00195937
762 0.00195427
4335 0.00186581
1549 0.00178801
4828 0.00178211
6006 0.00175072
2565 0.00174479
2958 0.00171557
3238 0.00166558
6774 0.00163107
993 0.00163039
3084 0.00162929
5123 0.00161093
2657 0.00157656
8042 0.00157355
5484 0.00157249
5404 0.00154854
3498 0.00154615
3897 0.00151641
5079 0.00150529
6784 0.00149442
5543 0.0014837
825 0.00148058
3568 0.00147991
6334 0.00147524
2859 0.00143446
2535 0.00143054
3334 0.00141861
3459 0.00141485
2746 0.00140848
5563 0.0014009
2871 0.00139753
4400 0.0013779
2485 0.00137379
3034 0.00135769
2654 0.00135628
5022 0.00135393
665 0.00134544
4261 0.0013393
2576 0.00131588
2516 0.00130319
5226 0.00129911
4666 0.00129605
4536 0.00129485
4099 0.00128737
6299 0.00128415
3562 0.00128082
2651 0.0012737
5605 0.00127309
4531 0.0012405
5800 0.00123468
1754 0.00123289
6330 0.0012307
3962 0.00122759
4981 0.00122389
4600 0.00122329
4040 0.00121441
5524 0.00121009
3321 0.00120438
28 0.00119783
3898 0.0011973
4983 0.00116292
7862 0.00115976
3260 0.0011547
1211 0.00114809
2775 0.00114298
7021 0.00113657
6914 0.00113511
3873 0.00113066
4661 0.00112705
4798 0.001119
3005 0.00110753
6059 0.00110286
7882 0.00110143
2594 0.00109201
3443 0.0010765
6665 0.00107632
2940 0.00106469
2134 0.00106048
1982 0.00105911
6555 0.00105698
2144 0.00104876
6044 0.00104419
3024 0.00104023
