8000 1 8002
8001 1 8002
8005 2 2223
8009 1 6044
8010 2 6044
8011 1 6044
8012 7 6044
8013 1 6044
8027 1 8028
8012 7 6946
8035 1 6946
8036 19 8037
8040 1 8042
8012 7 8042
8010 2 8042
8041 3 8042
8012 7 8044
8045 2 5812
8046 14 5812
8047 17 5812
8048 2 5812
8049 1 5812
8051 5 5812
8052 1 5812
8053 17 5812
8054 2 5812
8055 1 7860
8036 19 7860
8012 7 7860
8056 1 7860
8057 1 7860
8060 5 3293
8061 3 3293
8062 1 5210
8012 7 5210
8063 3 5210
8064 1 5210
8065 1 5210
8069 4 5819
8070 1 5819
8071 1 5819
8072 1 5819
8074 1 8076
8077 1 6918
8080 1 8083
8081 1 8083
8053 17 6780
8023 1 6780
8084 1 6780
8036 19 6780
8085 16 6780
8069 4 6780
8086 1 6780
8087 1 6780
8091 1 5022
8061 3 5022
8085 16 5022
8092 4 5022
8053 17 5022
8093 1 5022
8094 1 5022
8095 1 5022
8096 1 5022
8012 7 4037
8098 1 4037
8099 1 4037
8100 1 4037
8101 1 4037
8102 1 4037
8103 1 4037
8104 1 4037
8105 1 4037
8106 1 4037
8061 3 4037
8107 11 4037
8109 1 4037
8092 4 4037
8110 1 4037
8118 1 8121
8119 1 8121
8063 3 8121
8060 5 8121
8036 19 8121
8120 1 8121
8036 19 8124
8036 19 8128
8133 1 7517
8053 17 5614
8036 19 5614
8085 16 5614
8135 1 8134
8136 1 8134
8097 1 8134
8137 1 8134
8140 1 8141
8107 11 8141
8146 1 5246
8036 19 5605
8152 10 5605
8041 3 5605
8153 1 5605
8155 1 7620
8156 5 7620
8069 4 7620
8152 10 7620
8157 2 7620
8041 3 7620
8161 1 8163
8036 19 8163
8085 16 8163
8162 9 8163
8166 1 6875
8036 19 6875
8167 1 6875
8060 5 6875
8036 19 8168
8162 9 8168
8060 5 8168
8170 1 8174
8036 19 8174
8171 3 8174
8172 1 8174
8085 16 8174
8162 9 8174
8173 6 8174
8177 1 8178
8053 17 8178
8179 1 8178
8180 1 8178
8181 1 8178
8182 1 8178
8162 9 8178
8183 1 8178
8187 1 7391
8036 19 7391
8085 16 7391
8162 9 7391
8053 17 7391
8173 6 7391
8162 9 5738
8036 19 8192
8156 5 8192
8092 4 8192
8107 11 8192
8190 4 8192
8063 3 8192
8085 16 8192
8162 9 8192
8060 5 8192
8171 3 8192
8173 6 8192
8193 2 8192
8194 1 8192
8195 1 8192
8196 1 8198
8085 16 8198
8162 9 8198
8197 1 8198
8173 6 8198
8162 9 5064
8189 2 5064
8199 1 5064
8202 1 7233
8203 1 7233
8171 3 7233
8204 2 7233
8152 10 7233
8047 17 7233
8036 19 7233
8173 6 7233
8205 1 7233
8053 17 8209
8152 10 8209
8204 2 8212
8211 10 8212
8152 10 8212
8046 14 8212
8173 6 1982
8213 1 1982
8047 17 1982
8088 1 1982
8152 10 1982
8215 1 8051
8216 1 8051
8047 17 8051
8211 10 8051
8046 14 8051
8021 1 8051
8221 1 8219
8053 17 8219
8092 4 8219
8047 17 8219
8051 5 8219
8222 5 8224
8222 5 4401
8047 17 4401
8211 10 4401
8227 1 4401
8046 14 4401
8005 2 4401
8085 16 4401
8048 2 5378
8053 17 5378
8047 17 5378
8051 5 5378
8231 1 5378
8046 14 5378
8107 11 5378
8232 1 5378
8233 1 5378
8053 17 8237
8047 17 8237
8236 1 8237
8051 5 8237
8211 10 8237
8152 10 7553
8193 2 7553
8189 2 7553
8036 19 7553
8085 16 7553
8051 5 7553
8053 17 7553
8222 5 7553
8107 11 7553
8214 1 7553
8238 1 7553
8134 1 7553
8047 17 4432
8085 16 4432
8241 2 4432
8242 1 4432
8046 14 4432
8107 11 4432
8050 6 4432
8243 3 4432
8211 10 4432
8085 16 7050
8046 14 7810
8211 10 7810
8047 17 7810
8053 17 7810
8036 19 7810
8156 5 7810
8053 17 8249
8248 1 8249
8046 14 8249
8046 14 7791
8053 17 7791
8047 17 6618
8085 16 6618
8211 10 6618
8046 14 6618
8107 11 6618
8152 10 6618
8243 3 6618
8050 6 6618
8251 1 6618
8156 5 6618
8157 2 6634
8107 11 6634
8222 5 6634
8085 16 6634
8047 17 6634
8042 1 6634
8054 2 6634
8252 1 6634
8253 1 6634
8254 1 6634
8255 1 6634
8256 1 6634
8047 17 6737
8050 6 6737
8260 1 6737
8211 10 6737
8261 1 6737
8047 17 7389
8262 1 7389
8046 14 7389
8045 2 7389
8211 10 7389
8263 2 7389
8264 1 7238
8265 1 7238
8036 19 7238
8211 10 7238
8047 17 7238
8050 6 7238
8266 1 7238
8190 4 7238
8046 14 8246
8152 10 7924
8085 16 7924
8069 4 7924
8107 11 7924
8046 14 7924
8053 17 7924
8190 4 7924
8222 5 7924
8047 17 7833
8270 2 7833
8050 6 7833
8271 1 7833
8107 11 7833
8152 10 4940
8046 14 4940
8241 2 4940
8085 16 4940
8272 1 4940
8270 2 4940
8050 6 4940
8036 19 4940
8273 1 4940
8156 5 4940
8107 11 4940
8047 17 4940
8190 4 4940
8263 2 4940
8053 17 4940
8243 3 6924
8053 17 8263
